331627
337662
347408
348099
354703
357578
358687
363329
365296
371102
375148
383066
394534
395236
400881
410661
413938
421594
431775
442023
448659
455369
461175
465109
467795
475892
474616
478996
484791
488112
495864
504061
511277
514358
518170
524445
525843
527755
534012
541301
537963
557322
569598
579946
579461
590818
595376
603551
619182
626231
632455
649206
664034
664341
667885
664720
675218
689105
704061
713127
713835
731344
727538
738415
742188
745921
752664
756386
758214
766339
768724
772273
779997
784600
793922
797316
803746
799389
817042
824760
836493
841396
835936
835104
820004
804823
796662
799762
801715
813934
823008
829353
834062
838791
843089
854050
867432
882098
895780
907754
909257
913170
921044
920898
932403
951495
965262
977751
988222
1000265
1012299
1016471
1031301
1039853
1039823
1051216
1061199
1046144
1045314
1038175
1026968
1038838
1037450
1045673
1044816
1037342
1044393
1042294
1040937
1048719
1053924
1058004
1066873
1077411
1080489
1087905
1082052
1085630
1090034
1089016
1102475
1103770
1111422
1133275
1150887
1161234
1177948
1185048
1191397
1197888
1203290
1207508
1223383
1238776
1253812
1267657
1280943
1292158
1306319
1310899
1327841
1336415
1342814
1345048
1359592
1374753
1383719
1394679
1404119
1414976
1432161
1442359
1462121
1470323
1485545
1499904
1519533
1536466
1553695
1573338
1593853
1608569
1619099
1632460
1646553
1664805
1679751
1702136
1722571
1729403
1726576
1703045
1658947
1667167
1689397
1715585
1743096
1759525
1773366
1792651
1799553
1809185
1816871
1827912
1846062
1851080
1859048
1867550
1872842
1880714
1890440
1900704
1905868
1918037
1932521
1945629
1932498
1925965
1930683
1934364
1930309
1936603
1945303
1946861
1973495
1992570
2012052
2037720
2043194
2047181
2048909
2046001
2063110
2063517
2079684
2083767
2043347
1817240