3.06
3.06
3.06
3.06
4.48
4.48
4.48
4.48
3.88
3.88
3.88
3.88
4.04
4.04
4.04
4.04
4.29
4.29
4.29
4.29
5.17
5.17
5.17
5.17
4.98
4.98
4.98
4.98
6.79
6.79
6.79
6.79
7.46
7.46
7.46
7.46
7.12
7.12
7.12
7.12
5.19
5.19
5.19
5.19
4.75
4.75
4.75
4.75
6.12
6.12
6.12
6.12
8.5
8.5
8.5
8.5
8.5
8.5
8.5
8.5
9.29
9.29
9.29
9.29
7.71
7.71
7.71
7.71
8.98
8.98
8.98
8.98
12.1
12.1
12.1
12.1
12.89
12.89
12.89
12.89
17.93
17.93
17.93
17.93
13.96
13.96
13.96
13.96
9.55
9.55
9.55
9.55
11.31
11.31
11.31
11.31
9.65
9.65
9.65
9.65
9.21
9.21
9.21
9.21
8.4
8.4
8.4
8.4
9.69
9.69
9.69
9.69
12.29
12.29
12.29
12.29
13.04
13.04
13.04
13.04
9.03
9.03
9.03
9.03
6.78
6.78
6.78
6.78
5.09
5.09
5.09
5.09
5.77
5.77
5.77
5.77
7.31
7.31
7.31
7.31
4.53
4.53
4.53
4.53
3.52
3.52
3.52
3.52
5.1
5.1
5.1
5.1
4.92
4.92
4.92
4.92
5.77
5.77
5.77
5.77
4.31
4.31
4.31
4.31
2.71
2.71
2.71
2.71
3.19
3.19
3.19
3.19
2.5
2.5
2.5
2.5
2.92
2.92
2.92
2.92
4.31
4.31
4.31
4.31
4.6
4.6
4.6
4.6
3.21
3.21
3.21
3.21
0.65
0.65
0.65
0.65
0.85
0.85
0.75
1
1
1
1
1
1
1
1
1
1
1
1
1
1
1
1
1
0.75
0.75
0.5
0.5
0.5
0.5
0.5
0.5
0.5
0.5
0.75
1
1.25
1.25
1.5
1.75
1.75
1.75
1.75
1.75
1.75
0.25