742
1098
-1871
1931
2655
1081
4004
2739
2894
2242
2951
3522
4225
2310
2342
83
7499
5700
2924
3709
4864
7653
3785
3656
834
138
1864
-229
176
2300
3226
3979
4549
4889
5583
6314
2256
2620
3392
-3626
-2588
40
3072
3741
48
2270
3830
2944
3175
2477
6867
7365
5282
11013
9761
13435
8494
2206
842
1846
7915
5742
7212
2869
5525
5426
1988
2424
-1002
-1105
1432
4442
5476
14805
6446
11191
3338
8940
-8918
-4583
3669
9554
2468
-7672
-10287
-18215
-21553
-20725
-9060
-11620
-3111
8
6061
11298
6378
3832
7808
5654
9993
7504
10833
8779
1993
-1406
1462
-683
1746
12180
12686
6142
6521
4622
1475
11779
13981
1580
-218
1006
-7832
-6716
-3401
-15715
-9900
-10650
-11248
-7976
-8997
-13904
-6525
-3959
2288
1062
2858
2543
1402
2897
9304
15972
12257
6378
2105
-6556
2054
8634
4716
9924
12701
13599
16259
7835
-3208
5166
1709
5367
3713
15935
16395
15341
15905
10709
-2530
-1059
-7153
-16398
-18252
19
-481
4126
13504
13434
-2967
1697
-3195
-5811
14239
22785
20390
11107
13647
10190
17281
18015
12869
39
3587
497
17111
21877
10282
7571
15788
8341
5004
-7776
-4664
-5098
4037
-5236
4278
-5895
10135
18478
10311
12489
-181
6647
10465
6077
15273
12798
19476
23905
22192
8743
5529
8132
13506
8970
-8612
-5995
-4227
5257
6766
-3404
15238
16288
24912
15965
17296
12867
7394
14407
23676
18841
8436
9295
4107
-37709